Namespace(folder='eval_frames/miles', modelname='decent_model.h5', youtubelink=None)
vide_length: 3
eval_frames/miles/00018.jpg
eval_frames/miles/00019.jpg
eval_frames/miles/00020.jpg
eval_frames/miles/00021.jpg
Done extracting frames.
0 frames extracted
It took 0 seconds forconversion.
[[array([[[ 47,  34,  50],
        [ 50,  35,  56],
        [ 51,  36,  57],
        ...,
        [ 57,  38,  57],
        [ 59,  40,  59],
        [ 61,  42,  61]],

       [[ 43,  30,  46],
        [ 50,  35,  56],
        [ 51,  36,  57],
        ...,
        [ 58,  39,  58],
        [ 61,  42,  61],
        [ 61,  42,  61]],

       [[ 36,  24,  36],
        [ 47,  31,  54],
        [ 51,  36,  57],
        ...,
        [ 58,  39,  58],
        [ 61,  42,  61],
        [ 61,  42,  61]],

       ...,

       [[ 51,  95, 142],
        [ 30, 103, 163],
        [121, 191, 244],
        ...,
        [ 46,  32,  50],
        [ 32,  13,  38],
        [ 45,  28,  49]],

       [[ 74, 143, 223],
        [ 61, 130, 187],
        [  0,  95, 148],
        ...,
        [ 60,  42,  65],
        [ 40,  19,  41],
        [ 70,  51,  70]],

       [[112, 195, 251],
        [ 71, 161, 225],
        [ 26, 128, 176],
        ...,
        [ 68,  48,  71],
        [ 75,  55,  74],
        [ 73,  53,  72]]], dtype=uint8), array([[[ 46,  33,  49],
        [ 51,  36,  57],
        [ 51,  36,  57],
        ...,
        [ 57,  38,  57],
        [ 59,  40,  59],
        [ 61,  42,  61]],

       [[ 44,  31,  47],
        [ 49,  34,  55],
        [ 51,  36,  57],
        ...,
        [ 58,  39,  58],
        [ 61,  42,  61],
        [ 61,  42,  61]],

       [[ 34,  21,  35],
        [ 48,  32,  55],
        [ 51,  36,  57],
        ...,
        [ 58,  39,  58],
        [ 61,  42,  61],
        [ 61,  42,  61]],

       ...,

       [[ 43,  90, 134],
        [ 44, 122, 181],
        [122, 188, 239],
        ...,
        [ 43,  29,  47],
        [ 33,  14,  39],
        [ 44,  27,  48]],

       [[ 76, 141, 222],
        [ 47, 113, 166],
        [ 22, 126, 185],
        ...,
        [ 56,  38,  61],
        [ 41,  20,  42],
        [ 71,  52,  71]],

       [[109, 192, 253],
        [ 81, 167, 233],
        [ 18, 114, 160],
        ...,
        [ 68,  49,  70],
        [ 76,  56,  75],
        [ 74,  54,  73]]], dtype=uint8), array([[[ 46,  33,  49],
        [ 51,  36,  57],
        [ 51,  36,  57],
        ...,
        [ 57,  38,  57],
        [ 59,  40,  59],
        [ 61,  42,  61]],

       [[ 45,  32,  48],
        [ 46,  31,  52],
        [ 51,  36,  57],
        ...,
        [ 58,  39,  58],
        [ 59,  40,  59],
        [ 61,  42,  61]],

       [[ 35,  22,  36],
        [ 50,  35,  56],
        [ 51,  36,  57],
        ...,
        [ 58,  39,  58],
        [ 59,  40,  59],
        [ 61,  42,  61]],

       ...,

       [[ 50,  82, 135],
        [ 47, 127, 190],
        [121, 187, 236],
        ...,
        [ 40,  27,  43],
        [ 33,  14,  41],
        [ 42,  25,  46]],

       [[ 80, 144, 222],
        [ 40, 107, 156],
        [ 42, 145, 208],
        ...,
        [ 51,  35,  58],
        [ 42,  21,  43],
        [ 68,  49,  68]],

       [[102, 189, 246],
        [ 79, 164, 226],
        [ 13, 113, 155],
        ...,
        [ 69,  50,  69],
        [ 74,  54,  73],
        [ 74,  54,  73]]], dtype=uint8), array([[[ 47,  34,  50],
        [ 50,  35,  56],
        [ 51,  36,  57],
        ...,
        [ 57,  38,  57],
        [ 59,  40,  59],
        [ 61,  42,  61]],

       [[ 45,  32,  48],
        [ 48,  33,  54],
        [ 51,  36,  57],
        ...,
        [ 58,  39,  58],
        [ 59,  40,  59],
        [ 61,  42,  61]],

       [[ 35,  22,  36],
        [ 50,  34,  57],
        [ 51,  36,  57],
        ...,
        [ 58,  39,  58],
        [ 59,  40,  59],
        [ 61,  42,  61]],

       ...,

       [[ 44,  86, 129],
        [ 26, 109, 171],
        [124, 190, 239],
        ...,
        [ 37,  24,  40],
        [ 34,  15,  42],
        [ 41,  24,  45]],

       [[ 72, 130, 212],
        [ 38, 108, 155],
        [ 49, 147, 211],
        ...,
        [ 51,  35,  58],
        [ 40,  18,  42],
        [ 62,  43,  64]],

       [[107, 188, 249],
        [ 71, 154, 215],
        [ 18, 119, 158],
        ...,
        [ 67,  48,  69],
        [ 74,  54,  73],
        [ 73,  53,  72]]], dtype=uint8), array([[[0, 0, 0],
        [0, 0, 0],
        [0, 0, 0],
        ...,
        [0, 0, 0],
        [0, 0, 0],
        [0, 0, 0]],

       [[0, 0, 0],
        [0, 0, 0],
        [0, 0, 0],
        ...,
        [0, 0, 0],
        [0, 0, 0],
        [0, 0, 0]],

       [[0, 0, 0],
        [0, 0, 0],
        [0, 0, 0],
        ...,
        [0, 0, 0],
        [0, 0, 0],
        [0, 0, 0]],

       ...,

       [[0, 0, 0],
        [0, 0, 0],
        [0, 0, 0],
        ...,
        [0, 0, 0],
        [0, 0, 0],
        [0, 0, 0]],

       [[0, 0, 0],
        [0, 0, 0],
        [0, 0, 0],
        ...,
        [0, 0, 0],
        [0, 0, 0],
        [0, 0, 0]],

       [[0, 0, 0],
        [0, 0, 0],
        [0, 0, 0],
        ...,
        [0, 0, 0],
        [0, 0, 0],
        [0, 0, 0]]], dtype=uint8), array([[[0, 0, 0],
        [0, 0, 0],
        [0, 0, 0],
        ...,
        [0, 0, 0],
        [0, 0, 0],
        [0, 0, 0]],

       [[0, 0, 0],
        [0, 0, 0],
        [0, 0, 0],
        ...,
        [0, 0, 0],
        [0, 0, 0],
        [0, 0, 0]],

       [[0, 0, 0],
        [0, 0, 0],
        [0, 0, 0],
        ...,
        [0, 0, 0],
        [0, 0, 0],
        [0, 0, 0]],

       ...,

       [[0, 0, 0],
        [0, 0, 0],
        [0, 0, 0],
        ...,
        [0, 0, 0],
        [0, 0, 0],
        [0, 0, 0]],

       [[0, 0, 0],
        [0, 0, 0],
        [0, 0, 0],
        ...,
        [0, 0, 0],
        [0, 0, 0],
        [0, 0, 0]],

       [[0, 0, 0],
        [0, 0, 0],
        [0, 0, 0],
        ...,
        [0, 0, 0],
        [0, 0, 0],
        [0, 0, 0]]], dtype=uint8), array([[[0, 0, 0],
        [0, 0, 0],
        [0, 0, 0],
        ...,
        [0, 0, 0],
        [0, 0, 0],
        [0, 0, 0]],

       [[0, 0, 0],
        [0, 0, 0],
        [0, 0, 0],
        ...,
        [0, 0, 0],
        [0, 0, 0],
        [0, 0, 0]],

       [[0, 0, 0],
        [0, 0, 0],
        [0, 0, 0],
        ...,
        [0, 0, 0],
        [0, 0, 0],
        [0, 0, 0]],

       ...,

       [[0, 0, 0],
        [0, 0, 0],
        [0, 0, 0],
        ...,
        [0, 0, 0],
        [0, 0, 0],
        [0, 0, 0]],

       [[0, 0, 0],
        [0, 0, 0],
        [0, 0, 0],
        ...,
        [0, 0, 0],
        [0, 0, 0],
        [0, 0, 0]],

       [[0, 0, 0],
        [0, 0, 0],
        [0, 0, 0],
        ...,
        [0, 0, 0],
        [0, 0, 0],
        [0, 0, 0]]], dtype=uint8), array([[[0, 0, 0],
        [0, 0, 0],
        [0, 0, 0],
        ...,
        [0, 0, 0],
        [0, 0, 0],
        [0, 0, 0]],

       [[0, 0, 0],
        [0, 0, 0],
        [0, 0, 0],
        ...,
        [0, 0, 0],
        [0, 0, 0],
        [0, 0, 0]],

       [[0, 0, 0],
        [0, 0, 0],
        [0, 0, 0],
        ...,
        [0, 0, 0],
        [0, 0, 0],
        [0, 0, 0]],

       ...,

       [[0, 0, 0],
        [0, 0, 0],
        [0, 0, 0],
        ...,
        [0, 0, 0],
        [0, 0, 0],
        [0, 0, 0]],

       [[0, 0, 0],
        [0, 0, 0],
        [0, 0, 0],
        ...,
        [0, 0, 0],
        [0, 0, 0],
        [0, 0, 0]],

       [[0, 0, 0],
        [0, 0, 0],
        [0, 0, 0],
        ...,
        [0, 0, 0],
        [0, 0, 0],
        [0, 0, 0]]], dtype=uint8), array([[[0, 0, 0],
        [0, 0, 0],
        [0, 0, 0],
        ...,
        [0, 0, 0],
        [0, 0, 0],
        [0, 0, 0]],

       [[0, 0, 0],
        [0, 0, 0],
        [0, 0, 0],
        ...,
        [0, 0, 0],
        [0, 0, 0],
        [0, 0, 0]],

       [[0, 0, 0],
        [0, 0, 0],
        [0, 0, 0],
        ...,
        [0, 0, 0],
        [0, 0, 0],
        [0, 0, 0]],

       ...,

       [[0, 0, 0],
        [0, 0, 0],
        [0, 0, 0],
        ...,
        [0, 0, 0],
        [0, 0, 0],
        [0, 0, 0]],

       [[0, 0, 0],
        [0, 0, 0],
        [0, 0, 0],
        ...,
        [0, 0, 0],
        [0, 0, 0],
        [0, 0, 0]],

       [[0, 0, 0],
        [0, 0, 0],
        [0, 0, 0],
        ...,
        [0, 0, 0],
        [0, 0, 0],
        [0, 0, 0]]], dtype=uint8), array([[[0, 0, 0],
        [0, 0, 0],
        [0, 0, 0],
        ...,
        [0, 0, 0],
        [0, 0, 0],
        [0, 0, 0]],

       [[0, 0, 0],
        [0, 0, 0],
        [0, 0, 0],
        ...,
        [0, 0, 0],
        [0, 0, 0],
        [0, 0, 0]],

       [[0, 0, 0],
        [0, 0, 0],
        [0, 0, 0],
        ...,
        [0, 0, 0],
        [0, 0, 0],
        [0, 0, 0]],

       ...,

       [[0, 0, 0],
        [0, 0, 0],
        [0, 0, 0],
        ...,
        [0, 0, 0],
        [0, 0, 0],
        [0, 0, 0]],

       [[0, 0, 0],
        [0, 0, 0],
        [0, 0, 0],
        ...,
        [0, 0, 0],
        [0, 0, 0],
        [0, 0, 0]],

       [[0, 0, 0],
        [0, 0, 0],
        [0, 0, 0],
        ...,
        [0, 0, 0],
        [0, 0, 0],
        [0, 0, 0]]], dtype=uint8)]]
slice info
len  1
type <class 'list'>
_________________________________________________________________
Layer (type)                 Output Shape              Param #   
=================================================================
conv3d_1 (Conv3D)            (None, 10, 64, 64, 64)    5248      
_________________________________________________________________
activation_1 (Activation)    (None, 10, 64, 64, 64)    0         
_________________________________________________________________
max_pooling3d_1 (MaxPooling3 (None, 5, 32, 32, 64)     0         
_________________________________________________________________
batch_normalization_1 (Batch (None, 5, 32, 32, 64)     256       
_________________________________________________________________
conv3d_2 (Conv3D)            (None, 5, 32, 32, 32)     55328     
_________________________________________________________________
activation_2 (Activation)    (None, 5, 32, 32, 32)     0         
_________________________________________________________________
conv3d_3 (Conv3D)            (None, 5, 32, 32, 32)     27680     
_________________________________________________________________
activation_3 (Activation)    (None, 5, 32, 32, 32)     0         
_________________________________________________________________
max_pooling3d_2 (MaxPooling3 (None, 2, 16, 16, 32)     0         
_________________________________________________________________
batch_normalization_2 (Batch (None, 2, 16, 16, 32)     128       
_________________________________________________________________
conv3d_4 (Conv3D)            (None, 2, 16, 16, 16)     13840     
_________________________________________________________________
activation_4 (Activation)    (None, 2, 16, 16, 16)     0         
_________________________________________________________________
conv3d_5 (Conv3D)            (None, 2, 16, 16, 16)     6928      
_________________________________________________________________
activation_5 (Activation)    (None, 2, 16, 16, 16)     0         
_________________________________________________________________
conv3d_6 (Conv3D)            (None, 2, 16, 16, 16)     6928      
_________________________________________________________________
activation_6 (Activation)    (None, 2, 16, 16, 16)     0         
_________________________________________________________________
max_pooling3d_3 (MaxPooling3 (None, 1, 8, 8, 16)       0         
_________________________________________________________________
batch_normalization_3 (Batch (None, 1, 8, 8, 16)       64        
_________________________________________________________________
flatten_1 (Flatten)          (None, 1024)              0         
_________________________________________________________________
dense_1 (Dense)              (None, 1024)              1049600   
_________________________________________________________________
activation_7 (Activation)    (None, 1024)              0         
_________________________________________________________________
batch_normalization_4 (Batch (None, 1024)              4096      
_________________________________________________________________
dense_2 (Dense)              (None, 1024)              1049600   
_________________________________________________________________
activation_8 (Activation)    (None, 1024)              0         
_________________________________________________________________
batch_normalization_5 (Batch (None, 1024)              4096      
_________________________________________________________________
dense_3 (Dense)              (None, 1024)              1049600   
_________________________________________________________________
activation_9 (Activation)    (None, 1024)              0         
_________________________________________________________________
batch_normalization_6 (Batch (None, 1024)              4096      
_________________________________________________________________
dense_4 (Dense)              (None, 18)                18450     
_________________________________________________________________
activation_10 (Activation)   (None, 18)                0         
=================================================================
Total params: 3,295,938
Trainable params: 3,289,570
Non-trainable params: 6,368
_________________________________________________________________
None
Drama: 0.483
Comedy: 0.309
Thriller: 0.178
Crime: 0.172
Romance: 0.158
Action: 0.109
Sci-Fi: 0.083
Mystery: 0.080
Horror: 0.068
Adventure: 0.061
Children: 0.056
Musical: 0.046
Documentary: 0.041
Fantasy: 0.040
War: 0.038
Animation: 0.028
Western: 0.024
Film-Noir: 0.018

